       1          6.640812930053       1.412213972892      -5.533902330183    
       2          4.542451970530       5.045877007283      -5.533902330183    
       3         0.7090287505281       6.752186527942      -5.533902330183    
       4         -3.395219353175       5.879390293307      -5.533902330183    
       5         -6.202609063227       2.760866799754      -5.533902330183    
       6         -6.640812930054      -1.412213972894      -5.533902330183    
       7         -4.542451970530      -5.045877007284      -5.533902330183    
       8        -0.7090287505276      -6.752186527942      -5.533902330183    
       9          3.395219353175      -5.879390293306      -5.533902330183    
      10          6.202609063227      -2.760866799753      -5.533902330183    
      11          6.789311060571      0.1399969029592E-12  -5.533902330183    
      12          5.492668028100       3.990656914631      -5.533902330183    
      13          2.098012497814       6.457018525312      -5.533902330183    
      14         -2.098012497816       6.457018525311      -5.533902330183    
      15         -5.492668028101       3.990656914630      -5.533902330183    
      16         -6.789311060572     -0.1264189505869E-11  -5.533902330183    
      17         -5.492668028100      -3.990656914631      -5.533902330183    
      18         -2.098012497813      -6.457018525312      -5.533902330183    
      19          2.098012497816      -6.457018525311      -5.533902330183    
      20          5.492668028101      -3.990656914628      -5.533902330183    
      21          5.879390293307       3.395219353174      -4.304146256809    
      22          2.760866799754       6.202609063226      -4.304146256809    
      23         -1.412213972894       6.640812930054      -4.304146256809    
      24         -5.045877007284       4.542451970530      -4.304146256809    
      25         -6.752186527943      0.7090287505277      -4.304146256809    
      26         -5.879390293307      -3.395219353175      -4.304146256809    
      27         -2.760866799754      -6.202609063227      -4.304146256809    
      28          1.412213972894      -6.640812930053      -4.304146256809    
      29          5.045877007284      -4.542451970529      -4.304146256809    
      30          6.752186527942     -0.7090287505265      -4.304146256809    
      31          6.457018525311       2.098012497815      -4.304146256809    
      32          3.990656914629       5.492668028101      -4.304146256809    
      33        -0.1157114404293E-11   6.789311060572      -4.304146256809    
      34         -3.990656914632       5.492668028100      -4.304146256809    
      35         -6.457018525312       2.098012497813      -4.304146256809    
      36         -6.457018525312      -2.098012497816      -4.304146256809    
      37         -3.990656914629      -5.492668028101      -4.304146256809    
      38         0.1650861669589E-11  -6.789311060572      -4.304146256809    
      39          3.990656914632      -5.492668028099      -4.304146256809    
      40          6.457018525312      -2.098012497812      -4.304146256809    
      41          6.640812930053       1.412213972892      -3.074390183435    
      42          4.542451970530       5.045877007283      -3.074390183435    
      43         0.7090287505281       6.752186527942      -3.074390183435    
      44         -3.395219353175       5.879390293307      -3.074390183435    
      45         -6.202609063227       2.760866799754      -3.074390183435    
      46         -6.640812930054      -1.412213972894      -3.074390183435    
      47         -4.542451970530      -5.045877007284      -3.074390183435    
      48        -0.7090287505276      -6.752186527942      -3.074390183435    
      49          3.395219353175      -5.879390293306      -3.074390183435    
      50          6.202609063227      -2.760866799753      -3.074390183435    
      51          6.789311060571      0.1399969029592E-12  -3.074390183435    
      52          5.492668028100       3.990656914631      -3.074390183435    
      53          2.098012497814       6.457018525312      -3.074390183435    
      54         -2.098012497816       6.457018525311      -3.074390183435    
      55         -5.492668028101       3.990656914630      -3.074390183435    
      56         -6.789311060572     -0.1264189505869E-11  -3.074390183435    
      57         -5.492668028100      -3.990656914631      -3.074390183435    
      58         -2.098012497813      -6.457018525312      -3.074390183435    
      59          2.098012497816      -6.457018525311      -3.074390183435    
      60          5.492668028101      -3.990656914628      -3.074390183435    
      61          5.879390293307       3.395219353174      -1.844634110061    
      62          2.760866799754       6.202609063226      -1.844634110061    
      63         -1.412213972894       6.640812930054      -1.844634110061    
      64         -5.045877007284       4.542451970530      -1.844634110061    
      65         -6.752186527943      0.7090287505277      -1.844634110061    
      66         -5.879390293307      -3.395219353175      -1.844634110061    
      67         -2.760866799754      -6.202609063227      -1.844634110061    
      68          1.412213972894      -6.640812930053      -1.844634110061    
      69          5.045877007284      -4.542451970529      -1.844634110061    
      70          6.752186527942     -0.7090287505265      -1.844634110061    
      71          6.457018525311       2.098012497815      -1.844634110061    
      72          3.990656914629       5.492668028101      -1.844634110061    
      73        -0.1157114404293E-11   6.789311060572      -1.844634110061    
      74         -3.990656914632       5.492668028100      -1.844634110061    
      75         -6.457018525312       2.098012497813      -1.844634110061    
      76         -6.457018525312      -2.098012497816      -1.844634110061    
      77         -3.990656914629      -5.492668028101      -1.844634110061    
      78         0.1650861669589E-11  -6.789311060572      -1.844634110061    
      79          3.990656914632      -5.492668028099      -1.844634110061    
      80          6.457018525312      -2.098012497812      -1.844634110061    
      81          6.640812930053       1.412213972892     -0.6148780366870    
      82          4.542451970530       5.045877007283     -0.6148780366870    
      83         0.7090287505281       6.752186527942     -0.6148780366870    
      84         -3.395219353175       5.879390293307     -0.6148780366870    
      85         -6.202609063227       2.760866799754     -0.6148780366870    
      86         -6.640812930054      -1.412213972894     -0.6148780366870    
      87         -4.542451970530      -5.045877007284     -0.6148780366870    
      88        -0.7090287505276      -6.752186527942     -0.6148780366870    
      89          3.395219353175      -5.879390293306     -0.6148780366870    
      90          6.202609063227      -2.760866799753     -0.6148780366870    
      91          6.789311060571      0.1399969029592E-12 -0.6148780366870    
      92          5.492668028100       3.990656914631     -0.6148780366870    
      93          2.098012497814       6.457018525312     -0.6148780366870    
      94         -2.098012497816       6.457018525311     -0.6148780366870    
      95         -5.492668028101       3.990656914630     -0.6148780366870    
      96         -6.789311060572     -0.1264189505869E-11 -0.6148780366870    
      97         -5.492668028100      -3.990656914631     -0.6148780366870    
      98         -2.098012497813      -6.457018525312     -0.6148780366870    
      99          2.098012497816      -6.457018525311     -0.6148780366870    
     100          5.492668028101      -3.990656914628     -0.6148780366870    
     101          5.879390293307       3.395219353174      0.6148780366869    
     102          2.760866799754       6.202609063226      0.6148780366869    
     103         -1.412213972894       6.640812930054      0.6148780366869    
     104         -5.045877007284       4.542451970530      0.6148780366869    
     105         -6.752186527943      0.7090287505277      0.6148780366869    
     106         -5.879390293307      -3.395219353175      0.6148780366869    
     107         -2.760866799754      -6.202609063227      0.6148780366869    
     108          1.412213972894      -6.640812930053      0.6148780366869    
     109          5.045877007284      -4.542451970529      0.6148780366869    
     110          6.752186527942     -0.7090287505265      0.6148780366869    
     111          6.457018525311       2.098012497815      0.6148780366869    
     112          3.990656914629       5.492668028101      0.6148780366869    
     113        -0.1157114404293E-11   6.789311060572      0.6148780366869    
     114         -3.990656914632       5.492668028100      0.6148780366869    
     115         -6.457018525312       2.098012497813      0.6148780366869    
     116         -6.457018525312      -2.098012497816      0.6148780366869    
     117         -3.990656914629      -5.492668028101      0.6148780366869    
     118         0.1650861669589E-11  -6.789311060572      0.6148780366869    
     119          3.990656914632      -5.492668028099      0.6148780366869    
     120          6.457018525312      -2.098012497812      0.6148780366869    
     121          6.640812930053       1.412213972892       1.844634110061    
     122          4.542451970530       5.045877007283       1.844634110061    
     123         0.7090287505281       6.752186527942       1.844634110061    
     124         -3.395219353175       5.879390293307       1.844634110061    
     125         -6.202609063227       2.760866799754       1.844634110061    
     126         -6.640812930054      -1.412213972894       1.844634110061    
     127         -4.542451970530      -5.045877007284       1.844634110061    
     128        -0.7090287505276      -6.752186527942       1.844634110061    
     129          3.395219353175      -5.879390293306       1.844634110061    
     130          6.202609063227      -2.760866799753       1.844634110061    
     131          6.789311060571      0.1399969029592E-12   1.844634110061    
     132          5.492668028100       3.990656914631       1.844634110061    
     133          2.098012497814       6.457018525312       1.844634110061    
     134         -2.098012497816       6.457018525311       1.844634110061    
     135         -5.492668028101       3.990656914630       1.844634110061    
     136         -6.789311060572     -0.1264189505869E-11   1.844634110061    
     137         -5.492668028100      -3.990656914631       1.844634110061    
     138         -2.098012497813      -6.457018525312       1.844634110061    
     139          2.098012497816      -6.457018525311       1.844634110061    
     140          5.492668028101      -3.990656914628       1.844634110061    
     141          5.879390293307       3.395219353174       3.074390183435    
     142          2.760866799754       6.202609063226       3.074390183435    
     143         -1.412213972894       6.640812930054       3.074390183435    
     144         -5.045877007284       4.542451970530       3.074390183435    
     145         -6.752186527943      0.7090287505277       3.074390183435    
     146         -5.879390293307      -3.395219353175       3.074390183435    
     147         -2.760866799754      -6.202609063227       3.074390183435    
     148          1.412213972894      -6.640812930053       3.074390183435    
     149          5.045877007284      -4.542451970529       3.074390183435    
     150          6.752186527942     -0.7090287505265       3.074390183435    
     151          6.457018525311       2.098012497815       3.074390183435    
     152          3.990656914629       5.492668028101       3.074390183435    
     153        -0.1157114404293E-11   6.789311060572       3.074390183435    
     154         -3.990656914632       5.492668028100       3.074390183435    
     155         -6.457018525312       2.098012497813       3.074390183435    
     156         -6.457018525312      -2.098012497816       3.074390183435    
     157         -3.990656914629      -5.492668028101       3.074390183435    
     158         0.1650861669589E-11  -6.789311060572       3.074390183435    
     159          3.990656914632      -5.492668028099       3.074390183435    
     160          6.457018525312      -2.098012497812       3.074390183435    
     161          6.640812930053       1.412213972892       4.304146256809    
     162          4.542451970530       5.045877007283       4.304146256809    
     163         0.7090287505281       6.752186527942       4.304146256809    
     164         -3.395219353175       5.879390293307       4.304146256809    
     165         -6.202609063227       2.760866799754       4.304146256809    
     166         -6.640812930054      -1.412213972894       4.304146256809    
     167         -4.542451970530      -5.045877007284       4.304146256809    
     168        -0.7090287505276      -6.752186527942       4.304146256809    
     169          3.395219353175      -5.879390293306       4.304146256809    
     170          6.202609063227      -2.760866799753       4.304146256809    
     171          6.789311060571      0.1399969029592E-12   4.304146256809    
     172          5.492668028100       3.990656914631       4.304146256809    
     173          2.098012497814       6.457018525312       4.304146256809    
     174         -2.098012497816       6.457018525311       4.304146256809    
     175         -5.492668028101       3.990656914630       4.304146256809    
     176         -6.789311060572     -0.1264189505869E-11   4.304146256809    
     177         -5.492668028100      -3.990656914631       4.304146256809    
     178         -2.098012497813      -6.457018525312       4.304146256809    
     179          2.098012497816      -6.457018525311       4.304146256809    
     180          5.492668028101      -3.990656914628       4.304146256809    
     181          5.879390293307       3.395219353174       5.533902330183    
     182          2.760866799754       6.202609063226       5.533902330183    
     183         -1.412213972894       6.640812930054       5.533902330183    
     184         -5.045877007284       4.542451970530       5.533902330183    
     185         -6.752186527943      0.7090287505277       5.533902330183    
     186         -5.879390293307      -3.395219353175       5.533902330183    
     187         -2.760866799754      -6.202609063227       5.533902330183    
     188          1.412213972894      -6.640812930053       5.533902330183    
     189          5.045877007284      -4.542451970529       5.533902330183    
     190          6.752186527942     -0.7090287505265       5.533902330183    
     191          6.457018525311       2.098012497815       5.533902330183    
     192          3.990656914629       5.492668028101       5.533902330183    
     193        -0.1157114404293E-11   6.789311060572       5.533902330183    
     194         -3.990656914632       5.492668028100       5.533902330183    
     195         -6.457018525312       2.098012497813       5.533902330183    
     196         -6.457018525312      -2.098012497816       5.533902330183    
     197         -3.990656914629      -5.492668028101       5.533902330183    
     198         0.1650861669589E-11  -6.789311060572       5.533902330183    
     199          3.990656914632      -5.492668028099       5.533902330183    
     200          6.457018525312      -2.098012497812       5.533902330183    
